id,tx_id,tx_idx,pk_script,value,type,addr_id,txout_id,id,hash160
6829728,2913616,0,\x76a9141e24f6841af99f82e4f8288ad8801cd3adabd50088ac,777000,2,3547398,6829728,3547398,1e24f6841af99f82e4f8288ad8801cd3adabd500
10670839,4634852,0,\x76a91406f1b670791f9256bffc898f474271c22f4bb94988ac,777000,2,3516774,10670839,3516774,06f1b670791f9256bffc898f474271c22f4bb949
10670841,4634852,2,\x76a91406f1b66fd59a34755c37a8f701f43e937cdbeb1388ac,777000,2,3533609,10670841,3533609,06f1b66fd59a34755c37a8f701f43e937cdbeb13
10680969,4639586,0,\x76a91406f1b670791f9256bffc898f474271c22f4bb94988ac,777000,2,3516774,10680969,3516774,06f1b670791f9256bffc898f474271c22f4bb949
10680971,4639586,2,\x76a91406f1b66fd59a34755c37a8f701f43e937cdbeb1388ac,777000,2,3533609,10680971,3533609,06f1b66fd59a34755c37a8f701f43e937cdbeb13
10681885,4639967,0,\x76a91406f1b670791f9256bffc898f474271c22f4bb94988ac,777000,2,3516774,10681885,3516774,06f1b670791f9256bffc898f474271c22f4bb949
10681887,4639967,2,\x76a91406f1b66fd59a34755c37a8f701f43e937cdbeb1388ac,777000,2,3533609,10681887,3533609,06f1b66fd59a34755c37a8f701f43e937cdbeb13
10682181,4640114,0,\x76a91406f1b670791f9256bffc898f474271c22f4bb94988ac,777000,2,3516774,10682181,3516774,06f1b670791f9256bffc898f474271c22f4bb949
10682183,4640114,2,\x76a91406f1b66fd59a34755c37a8f701f43e937cdbeb1388ac,777000,2,3533609,10682183,3533609,06f1b66fd59a34755c37a8f701f43e937cdbeb13
10735287,4663921,1,\x76a91406f1b66fd59a34755c37a8f701f43e937cdbeb1388ac,777000,2,3533609,10735287,3533609,06f1b66fd59a34755c37a8f701f43e937cdbeb13
12178025,5307453,1,\x76a914f3184a4bcf27877735e675ca11d37a4410b00b4e88ac,777000,2,5172958,12178025,5172958,f3184a4bcf27877735e675ca11d37a4410b00b4e
13351674,5844693,0,\x76a91437ad2734714e88cdbfd96d6da63b5936a3efee6a88ac,777000,2,5557613,13351674,5557613,37ad2734714e88cdbfd96d6da63b5936a3efee6a
14689200,6456035,1,\x76a91472a5702efb40847b455c2c87c4912c3b1ae3c3f788ac,777000,2,4833708,14689200,4833708,72a5702efb40847b455c2c87c4912c3b1ae3c3f7
15733223,6932764,0,\x76a91472a5702efb2431abefac89ab68a80c4d1d460f2388ac,777000,2,4833707,15733223,4833707,72a5702efb2431abefac89ab68a80c4d1d460f23
17682568,7745008,0,\x76a914ab38bde0b6336f6d0672161c0615ae697ddbe3d488ac,777000,2,6907679,17682568,6907679,ab38bde0b6336f6d0672161c0615ae697ddbe3d4
18297235,7985289,1,\x76a91406f1b66ffe49df7fce684df16c62f59dc9adbd3f88ac,777000,2,3523798,18297235,3523798,06f1b66ffe49df7fce684df16c62f59dc9adbd3f
18821755,8186745,5,\x76a91406f1b66e25393fabd2b23a237e4bdfd4c2c35fac88ac,777000,2,3525262,18821755,3525262,06f1b66e25393fabd2b23a237e4bdfd4c2c35fac
19615017,8500339,1,\x76a91406f1b66e25393fabd2b23a237e4bdfd4c2c35fac88ac,777000,2,3525262,19615017,3525262,06f1b66e25393fabd2b23a237e4bdfd4c2c35fac
19615025,8500343,1,\x76a91406f1b66e25393fabd2b23a237e4bdfd4c2c35fac88ac,777000,2,3525262,19615025,3525262,06f1b66e25393fabd2b23a237e4bdfd4c2c35fac
20303824,8778664,1,\x76a9147642cab7d1c8a461b4fe55d480b6245bb1c42abd88ac,777000,2,7621690,20303824,7621690,7642cab7d1c8a461b4fe55d480b6245bb1c42abd
20567418,8887741,1,\x76a9143f09dc3cfeaf1db54ad8ea536c0aab5fe0c6a3cc88ac,777000,2,7347884,20567418,7347884,3f09dc3cfeaf1db54ad8ea536c0aab5fe0c6a3cc
23876944,10263807,0,\x76a914ea417149bddbd511731e1cd6c4242657723afa4b88ac,777000,2,8542869,23876944,8542869,ea417149bddbd511731e1cd6c4242657723afa4b
26251647,11280572,0,\x76a914f4425d31ba1a1bfc6938615e6b3c258c3c81770588ac,777000,2,9143117,26251647,9143117,f4425d31ba1a1bfc6938615e6b3c258c3c817705
30573169,13156053,1,\x76a9148bc84135b78885e9198b3cfb4db45404df0cb6e388ac,777000,2,10137856,30573169,10137856,8bc84135b78885e9198b3cfb4db45404df0cb6e3
33824334,14529766,1,\x76a914641ad5051edd97029a003fe9efb29359fcee409d88ac,777000,2,2585020,33824334,2585020,641ad5051edd97029a003fe9efb29359fcee409d
34497764,14798677,1,\x76a914cb2efa8da0acaec63918b03929f7261317c0473388ac,777000,2,10298057,34497764,10298057,cb2efa8da0acaec63918b03929f7261317c04733
37251872,15820818,1,\x76a914d948d7a14685b7b5b528034137aa4c590f84f62988ac,777000,2,11826347,37251872,11826347,d948d7a14685b7b5b528034137aa4c590f84f629
39258065,16535829,0,\x76a914ca49c9eed73b152e32cb29e968d6eb658b03bfd488ac,777000,2,12458588,39258065,12458588,ca49c9eed73b152e32cb29e968d6eb658b03bfd4
39335211,16557276,0,\x76a914a92c693d43c2f9dd3ab4d68e91507f93416a3ed888ac,777000,2,11000808,39335211,11000808,a92c693d43c2f9dd3ab4d68e91507f93416a3ed8
39385674,16576598,1,\x76a914f9671249935204ac10fbc5fb4545cef12e8db0d688ac,777000,2,11866510,39385674,11866510,f9671249935204ac10fbc5fb4545cef12e8db0d6
39398443,16581863,527,\x76a9142829bd56c0b3e30fe51fe5e3678e8432da25e91388ac,777000,2,12436969,39398443,12436969,2829bd56c0b3e30fe51fe5e3678e8432da25e913
42996382,18169022,91,\x76a914ea2a9a0b84a9a02c8bbe10c6435b30c78fd2379388ac,777000,2,11315400,42996382,11315400,ea2a9a0b84a9a02c8bbe10c6435b30c78fd23793
45257518,18987385,0,\x76a914ab4f02d4c6f42235766827abeb4c7e73d4ce5e4888ac,777000,2,13919840,45257518,13919840,ab4f02d4c6f42235766827abeb4c7e73d4ce5e48
45565008,19104482,0,\x76a914e6f91cbfe0cfc1e27b9d91a61d24e2dcb259d91c88ac,777000,2,14001218,45565008,14001218,e6f91cbfe0cfc1e27b9d91a61d24e2dcb259d91c
45724124,19167139,0,\x76a914b483c44de1a1000309c9e82439e4c8047ec374ad88ac,777000,2,14044433,45724124,14044433,b483c44de1a1000309c9e82439e4c8047ec374ad
45724276,19167210,0,\x76a9141b1ade18662f119752aa464dadd4d4d960a6abf888ac,777000,2,14044469,45724276,14044469,1b1ade18662f119752aa464dadd4d4d960a6abf8
49121113,20554566,214,\x76a9148103f67a870e6a4c0d351181b15cbfb61435e50c88ac,777000,2,14701135,49121113,14701135,8103f67a870e6a4c0d351181b15cbfb61435e50c
51442181,21497234,0,\x76a9140cda73e737225c515755fb7b39cde48a78c5a60388ac,777000,2,15836069,51442181,15836069,0cda73e737225c515755fb7b39cde48a78c5a603
51592295,21560299,1,\x76a914a2da77ed5290838c084590db503b2ebbf1c71e6488ac,777000,2,15730149,51592295,15730149,a2da77ed5290838c084590db503b2ebbf1c71e64
52490453,21973167,1,\x76a914908c3edd70f94e23fb3e96bc0331e3d9a46b82bc88ac,777000,2,15544975,52490453,15544975,908c3edd70f94e23fb3e96bc0331e3d9a46b82bc
54690013,22927005,1,\x76a9147ad9cd215c1a2034b3d946a7dc1bc093b25b5b6688ac,777000,2,17009339,54690013,17009339,7ad9cd215c1a2034b3d946a7dc1bc093b25b5b66
54696069,22929812,1,\x76a91401b516adf302a039323e833619ddc44eed03c4c988ac,777000,2,16823476,54696069,16823476,01b516adf302a039323e833619ddc44eed03c4c9
56658903,23775844,0,\x76a914ee92bf4336235313aebbd215abdeb81e0008c73e88ac,777000,2,17686422,56658903,17686422,ee92bf4336235313aebbd215abdeb81e0008c73e
56740486,23810645,0,\x76a914f595f5aff3bdc1c7f09d9a769c942e9826eae6ff88ac,777000,2,16211554,56740486,16211554,f595f5aff3bdc1c7f09d9a769c942e9826eae6ff
57268177,24041190,0,\x76a9142a2ada5d41d205d445876d1a12ea7570a59ee9ee88ac,777000,2,17861843,57268177,17861843,2a2ada5d41d205d445876d1a12ea7570a59ee9ee
58067658,24375887,0,\x76a914b4e262e8f1991eede8277e0b5f742bcc94e62dc488ac,777000,2,18105275,58067658,18105275,b4e262e8f1991eede8277e0b5f742bcc94e62dc4
58172476,24423298,0,\x76a9146f08177bd24156559b504ead5455a9765a1d375d88ac,777000,2,17994751,58172476,17994751,6f08177bd24156559b504ead5455a9765a1d375d
59311970,24901588,0,\x76a914f686620de259fea140a9559e99c1a2029163196888ac,777000,2,10569261,59311970,10569261,f686620de259fea140a9559e99c1a20291631968
59312157,24901649,0,\x76a91408c3833a6182c4d2dfbb9fb114d75d45c58382c988ac,777000,2,10622134,59312157,10622134,08c3833a6182c4d2dfbb9fb114d75d45c58382c9
59419229,24948523,1,\x76a91407b7c87460903233881d0268db1f0b5426489c1a88ac,777000,2,10576302,59419229,10576302,07b7c87460903233881d0268db1f0b5426489c1a
59523100,24990829,0,\x76a9142650c0371ffee0d4305aaaecdcc5c8e1959c471988ac,777000,2,18545266,59523100,18545266,2650c0371ffee0d4305aaaecdcc5c8e1959c4719
59715899,25069987,328,\x76a9145fe9f0cddb75fb265d5e0a16186fa5eb71d6883688ac,777000,2,18458430,59715899,18458430,5fe9f0cddb75fb265d5e0a16186fa5eb71d68836
60061567,25210916,1,\x76a9149c2263359ff70a74d09dc55a7c126c7262adc41788ac,777000,2,18700198,60061567,18700198,9c2263359ff70a74d09dc55a7c126c7262adc417
60099742,25227988,0,\x76a914df0004157733c13bace9323c95936d0353fcfbb688ac,777000,2,17436888,60099742,17436888,df0004157733c13bace9323c95936d0353fcfbb6
60947791,25571762,0,\x76a914f214c302031b7857db0bed48dfa8d164b7318a1f88ac,777000,2,18975766,60947791,18975766,f214c302031b7857db0bed48dfa8d164b7318a1f
60956494,25575273,0,\x76a9146b76b5b4c9f0c58f98a71fa2912c2d3d83ee00d788ac,777000,2,19024498,60956494,19024498,6b76b5b4c9f0c58f98a71fa2912c2d3d83ee00d7
62922164,26364323,0,\x76a9141ed5118fc44046eded2f794a7c3859985b5feb1188ac,777000,2,19708688,62922164,19708688,1ed5118fc44046eded2f794a7c3859985b5feb11
62923941,26365129,0,\x76a9141ed5118fc44046eded2f794a7c3859985b5feb1188ac,777000,2,19708688,62923941,19708688,1ed5118fc44046eded2f794a7c3859985b5feb11
63547792,26616485,1,\x76a914f42c02dae0efcb47f147f8a10b4029d69614628788ac,777000,2,19928288,63547792,19928288,f42c02dae0efcb47f147f8a10b4029d696146287
63964039,26778497,0,\x76a914da5dde8cbf20315f3e00ad8d6b610c14bb6d0ab888ac,777000,2,19516349,63964039,19516349,da5dde8cbf20315f3e00ad8d6b610c14bb6d0ab8
64482282,26973133,1,\x76a9145e8de40d25d943e83541892b8ce8da6a6727609a88ac,777000,2,20304476,64482282,20304476,5e8de40d25d943e83541892b8ce8da6a6727609a
64607121,27020443,0,\x76a914812604930ef728016cd6ed19fb746313c6ea3da888ac,777000,2,18932210,64607121,18932210,812604930ef728016cd6ed19fb746313c6ea3da8
64699149,27056872,0,\x76a914746cc6ae4c46fff9c4354ee7a4685dac6be841ea88ac,777000,2,20406428,64699149,20406428,746cc6ae4c46fff9c4354ee7a4685dac6be841ea
64913378,27142766,0,\x76a91439138680241035a6e2269d6305c4b3e0c3d6721488ac,777000,2,20515546,64913378,20515546,39138680241035a6e2269d6305c4b3e0c3d67214
65032001,27187675,0,\x76a9147b51e0d466ea0ade922493559e6a825ceec2d1f688ac,777000,2,20572432,65032001,20572432,7b51e0d466ea0ade922493559e6a825ceec2d1f6
65038329,27190300,0,\x76a91486262cbdea930223381fae7ed7cff8b8ea61efda88ac,777000,2,19084696,65038329,19084696,86262cbdea930223381fae7ed7cff8b8ea61efda
65079078,27205200,1,\x76a9141028f640e62e600d5ccc8093b8446f98ec51b34988ac,777000,2,18480258,65079078,18480258,1028f640e62e600d5ccc8093b8446f98ec51b349
65538417,27380475,0,\x76a914304d27b099dc8a041e8c255766a2cd2d6e97417488ac,777000,2,20776232,65538417,20776232,304d27b099dc8a041e8c255766a2cd2d6e974174
66241747,27650426,1,\x76a9148de6e23ef2e78956de40d09c05ad3f3a5de1975588ac,777000,2,21069316,66241747,21069316,8de6e23ef2e78956de40d09c05ad3f3a5de19755
67009815,27955183,0,\x76a91474dfe6911d52ea4dfcd7e0bb8282121110dd4e9888ac,777000,2,21450635,67009815,21450635,74dfe6911d52ea4dfcd7e0bb8282121110dd4e98
67104952,27993161,0,\x76a91482f87448951cea43d6eb52a32dd99e5f943e28f488ac,777000,2,21045344,67104952,21045344,82f87448951cea43d6eb52a32dd99e5f943e28f4
67260178,28051574,1,\x76a914ca48dcbf6918241e4f9d013c53250782281a67f588ac,777000,2,18219391,67260178,18219391,ca48dcbf6918241e4f9d013c53250782281a67f5
67361305,28089469,0,\x76a914a82f8278be68cfb2af9d96b24ce11f969bce00ec88ac,777000,2,21617398,67361305,21617398,a82f8278be68cfb2af9d96b24ce11f969bce00ec
67421481,28114637,0,\x76a914069532d8da972617e23fb6de6a9cbb33046aa28188ac,777000,2,18182259,67421481,18182259,069532d8da972617e23fb6de6a9cbb33046aa281
67687897,28218394,0,\x76a914069532d8da972617e23fb6de6a9cbb33046aa28188ac,777000,2,18182259,67687897,18182259,069532d8da972617e23fb6de6a9cbb33046aa281
67771918,28253390,0,\x76a914775bb8646645f513caf4adbf3fe3e94b3616713188ac,777000,2,18924484,67771918,18924484,775bb8646645f513caf4adbf3fe3e94b36167131
67850475,28283736,0,\x76a914069532d8da972617e23fb6de6a9cbb33046aa28188ac,777000,2,18182259,67850475,18182259,069532d8da972617e23fb6de6a9cbb33046aa281
67851741,28284153,0,\x76a914069532d8c9a3755b6f4aec8a0ad361ec912eccaf88ac,777000,2,18178067,67851741,18178067,069532d8c9a3755b6f4aec8a0ad361ec912eccaf
67851745,28284155,0,\x76a914069532d8da972617e23fb6de6a9cbb33046aa28188ac,777000,2,18182259,67851745,18182259,069532d8da972617e23fb6de6a9cbb33046aa281
68001299,28342656,0,\x76a914069532d8c9a3755b6f4aec8a0ad361ec912eccaf88ac,777000,2,18178067,68001299,18178067,069532d8c9a3755b6f4aec8a0ad361ec912eccaf
68497520,28547237,0,\x76a914069532d8da972617e23fb6de6a9cbb33046aa28188ac,777000,2,18182259,68497520,18182259,069532d8da972617e23fb6de6a9cbb33046aa281
68497524,28547239,0,\x76a914069532d8c9a3755b6f4aec8a0ad361ec912eccaf88ac,777000,2,18178067,68497524,18178067,069532d8c9a3755b6f4aec8a0ad361ec912eccaf
68498028,28547386,0,\x76a914069532d8da972617e23fb6de6a9cbb33046aa28188ac,777000,2,18182259,68498028,18182259,069532d8da972617e23fb6de6a9cbb33046aa281
68498686,28547709,0,\x76a914069532d8da972617e23fb6de6a9cbb33046aa28188ac,777000,2,18182259,68498686,18182259,069532d8da972617e23fb6de6a9cbb33046aa281
68505658,28550654,0,\x76a914069532d8da972617e23fb6de6a9cbb33046aa28188ac,777000,2,18182259,68505658,18182259,069532d8da972617e23fb6de6a9cbb33046aa281
68505857,28550754,0,\x76a914069532d8da972617e23fb6de6a9cbb33046aa28188ac,777000,2,18182259,68505857,18182259,069532d8da972617e23fb6de6a9cbb33046aa281
68505859,28550755,0,\x76a914069532d8c9a3755b6f4aec8a0ad361ec912eccaf88ac,777000,2,18178067,68505859,18178067,069532d8c9a3755b6f4aec8a0ad361ec912eccaf
68506026,28550839,0,\x76a914069532d8c9a3755b6f4aec8a0ad361ec912eccaf88ac,777000,2,18178067,68506026,18178067,069532d8c9a3755b6f4aec8a0ad361ec912eccaf
68506112,28550876,0,\x76a9146e92632ea844d2b62f5287646950ad6167406f4688ac,777000,2,22169711,68506112,22169711,6e92632ea844d2b62f5287646950ad6167406f46
68506922,28551249,0,\x76a914069532d8c9a3755b6f4aec8a0ad361ec912eccaf88ac,777000,2,18178067,68506922,18178067,069532d8c9a3755b6f4aec8a0ad361ec912eccaf
68561359,28572324,0,\x76a914d4f9d1d700424f73baec7dfbf0d57b9aaef6767f88ac,777000,2,21861170,68561359,21861170,d4f9d1d700424f73baec7dfbf0d57b9aaef6767f
68572097,28577094,0,\x76a914069532d8be179c42664920be951fe1d91e80444688ac,777000,2,18182054,68572097,18182054,069532d8be179c42664920be951fe1d91e804446
68578157,28579797,0,\x76a914069532d8c9a3755b6f4aec8a0ad361ec912eccaf88ac,777000,2,18178067,68578157,18178067,069532d8c9a3755b6f4aec8a0ad361ec912eccaf
68578569,28579977,0,\x76a914069532d8c9a3755b6f4aec8a0ad361ec912eccaf88ac,777000,2,18178067,68578569,18178067,069532d8c9a3755b6f4aec8a0ad361ec912eccaf
68579240,28580280,0,\x76a914069532d8da972617e23fb6de6a9cbb33046aa28188ac,777000,2,18182259,68579240,18182259,069532d8da972617e23fb6de6a9cbb33046aa281
68580083,28580643,0,\x76a914069532d8c9a3755b6f4aec8a0ad361ec912eccaf88ac,777000,2,18178067,68580083,18178067,069532d8c9a3755b6f4aec8a0ad361ec912eccaf
68580087,28580645,0,\x76a914069532d8da972617e23fb6de6a9cbb33046aa28188ac,777000,2,18182259,68580087,18182259,069532d8da972617e23fb6de6a9cbb33046aa281
68580089,28580646,0,\x76a914069532d8da972617e23fb6de6a9cbb33046aa28188ac,777000,2,18182259,68580089,18182259,069532d8da972617e23fb6de6a9cbb33046aa281
68581572,28581335,0,\x76a914069532d8c9a3755b6f4aec8a0ad361ec912eccaf88ac,777000,2,18178067,68581572,18178067,069532d8c9a3755b6f4aec8a0ad361ec912eccaf
68581574,28581336,0,\x76a914069532d8da972617e23fb6de6a9cbb33046aa28188ac,777000,2,18182259,68581574,18182259,069532d8da972617e23fb6de6a9cbb33046aa281
68582769,28581915,0,\x76a914069532d8c9a3755b6f4aec8a0ad361ec912eccaf88ac,777000,2,18178067,68582769,18178067,069532d8c9a3755b6f4aec8a0ad361ec912eccaf
68600888,28589653,0,\x76a914069532d8da972617e23fb6de6a9cbb33046aa28188ac,777000,2,18182259,68600888,18182259,069532d8da972617e23fb6de6a9cbb33046aa281
68653367,28610725,0,\x76a914069532d8bab49d3273dff6a1c4f2f290c586d0ad88ac,777000,2,18182044,68653367,18182044,069532d8bab49d3273dff6a1c4f2f290c586d0ad
68653449,28610766,0,\x76a914069532d8bab49d3273dff6a1c4f2f290c586d0ad88ac,777000,2,18182044,68653449,18182044,069532d8bab49d3273dff6a1c4f2f290c586d0ad
68654596,28611285,0,\x76a914069532d8bab49d3273dff6a1c4f2f290c586d0ad88ac,777000,2,18182044,68654596,18182044,069532d8bab49d3273dff6a1c4f2f290c586d0ad
68654598,28611286,0,\x76a914069532d8bab49d3273dff6a1c4f2f290c586d0ad88ac,777000,2,18182044,68654598,18182044,069532d8bab49d3273dff6a1c4f2f290c586d0ad
68655192,28611525,0,\x76a914069532d8bab49d3273dff6a1c4f2f290c586d0ad88ac,777000,2,18182044,68655192,18182044,069532d8bab49d3273dff6a1c4f2f290c586d0ad
68655254,28611556,0,\x76a914069532d8bab49d3273dff6a1c4f2f290c586d0ad88ac,777000,2,18182044,68655254,18182044,069532d8bab49d3273dff6a1c4f2f290c586d0ad
68666795,28616459,0,\x76a914069532d8bab49d3273dff6a1c4f2f290c586d0ad88ac,777000,2,18182044,68666795,18182044,069532d8bab49d3273dff6a1c4f2f290c586d0ad
68666931,28616528,0,\x76a914069532d8bab49d3273dff6a1c4f2f290c586d0ad88ac,777000,2,18182044,68666931,18182044,069532d8bab49d3273dff6a1c4f2f290c586d0ad
68669031,28617465,0,\x76a914a92c693d43c2f9dd3ab4d68e91507f93416a3ed888ac,777000,2,11000808,68669031,11000808,a92c693d43c2f9dd3ab4d68e91507f93416a3ed8
68670390,28618086,0,\x76a914069532d8bab49d3273dff6a1c4f2f290c586d0ad88ac,777000,2,18182044,68670390,18182044,069532d8bab49d3273dff6a1c4f2f290c586d0ad
68671344,28618555,0,\x76a914069532d8c9a3755b6f4aec8a0ad361ec912eccaf88ac,777000,2,18178067,68671344,18178067,069532d8c9a3755b6f4aec8a0ad361ec912eccaf
68674804,28620083,0,\x76a914069532d8c9a3755b6f4aec8a0ad361ec912eccaf88ac,777000,2,18178067,68674804,18178067,069532d8c9a3755b6f4aec8a0ad361ec912eccaf
68678761,28621817,0,\x76a914069532d8da972617e23fb6de6a9cbb33046aa28188ac,777000,2,18182259,68678761,18182259,069532d8da972617e23fb6de6a9cbb33046aa281
68679820,28622317,0,\x76a914069532d8c9a3755b6f4aec8a0ad361ec912eccaf88ac,777000,2,18178067,68679820,18178067,069532d8c9a3755b6f4aec8a0ad361ec912eccaf
68692585,28627056,0,\x76a914069532d8ba5ebe88c41146e3bedba97babc4c9cb88ac,777000,2,18181995,68692585,18181995,069532d8ba5ebe88c41146e3bedba97babc4c9cb
68692741,28627134,0,\x76a914069532d8da972617e23fb6de6a9cbb33046aa28188ac,777000,2,18182259,68692741,18182259,069532d8da972617e23fb6de6a9cbb33046aa281
68693237,28627370,0,\x76a914069532d8da972617e23fb6de6a9cbb33046aa28188ac,777000,2,18182259,68693237,18182259,069532d8da972617e23fb6de6a9cbb33046aa281
68803791,28669571,0,\x76a914069532d8da972617e23fb6de6a9cbb33046aa28188ac,777000,2,18182259,68803791,18182259,069532d8da972617e23fb6de6a9cbb33046aa281
68804492,28669878,0,\x76a914069532d8c9a3755b6f4aec8a0ad361ec912eccaf88ac,777000,2,18178067,68804492,18178067,069532d8c9a3755b6f4aec8a0ad361ec912eccaf
68804509,28669887,0,\x76a914069532d8da972617e23fb6de6a9cbb33046aa28188ac,777000,2,18182259,68804509,18182259,069532d8da972617e23fb6de6a9cbb33046aa281
68804515,28669890,0,\x76a914069532d8c9a3755b6f4aec8a0ad361ec912eccaf88ac,777000,2,18178067,68804515,18178067,069532d8c9a3755b6f4aec8a0ad361ec912eccaf
68805279,28670252,0,\x76a914069532d8da972617e23fb6de6a9cbb33046aa28188ac,777000,2,18182259,68805279,18182259,069532d8da972617e23fb6de6a9cbb33046aa281
68807596,28671262,0,\x76a914069532d8c9a3755b6f4aec8a0ad361ec912eccaf88ac,777000,2,18178067,68807596,18178067,069532d8c9a3755b6f4aec8a0ad361ec912eccaf
68807668,28671298,0,\x76a914069532d8da972617e23fb6de6a9cbb33046aa28188ac,777000,2,18182259,68807668,18182259,069532d8da972617e23fb6de6a9cbb33046aa281
68807926,28671420,0,\x76a914069532d8da972617e23fb6de6a9cbb33046aa28188ac,777000,2,18182259,68807926,18182259,069532d8da972617e23fb6de6a9cbb33046aa281
68810161,28672413,0,\x76a914069532d8c9a3755b6f4aec8a0ad361ec912eccaf88ac,777000,2,18178067,68810161,18178067,069532d8c9a3755b6f4aec8a0ad361ec912eccaf
68810169,28672417,0,\x76a914069532d8da972617e23fb6de6a9cbb33046aa28188ac,777000,2,18182259,68810169,18182259,069532d8da972617e23fb6de6a9cbb33046aa281
68810928,28672759,0,\x76a914069532d8da972617e23fb6de6a9cbb33046aa28188ac,777000,2,18182259,68810928,18182259,069532d8da972617e23fb6de6a9cbb33046aa281
68821563,28677243,0,\x76a914069532d8da972617e23fb6de6a9cbb33046aa28188ac,777000,2,18182259,68821563,18182259,069532d8da972617e23fb6de6a9cbb33046aa281
68822656,28677662,0,\x76a914069532d8da972617e23fb6de6a9cbb33046aa28188ac,777000,2,18182259,68822656,18182259,069532d8da972617e23fb6de6a9cbb33046aa281
68822744,28677706,0,\x76a914069532d8c9a3755b6f4aec8a0ad361ec912eccaf88ac,777000,2,18178067,68822744,18178067,069532d8c9a3755b6f4aec8a0ad361ec912eccaf
68888070,28704630,0,\x76a914069532d8da972617e23fb6de6a9cbb33046aa28188ac,777000,2,18182259,68888070,18182259,069532d8da972617e23fb6de6a9cbb33046aa281
68889234,28705182,0,\x76a914069532d8da972617e23fb6de6a9cbb33046aa28188ac,777000,2,18182259,68889234,18182259,069532d8da972617e23fb6de6a9cbb33046aa281
68896713,28708103,0,\x76a914069532d8da972617e23fb6de6a9cbb33046aa28188ac,777000,2,18182259,68896713,18182259,069532d8da972617e23fb6de6a9cbb33046aa281
68896809,28708151,0,\x76a914069532d8da972617e23fb6de6a9cbb33046aa28188ac,777000,2,18182259,68896809,18182259,069532d8da972617e23fb6de6a9cbb33046aa281
68897307,28708376,0,\x76a914069532d8c9a3755b6f4aec8a0ad361ec912eccaf88ac,777000,2,18178067,68897307,18178067,069532d8c9a3755b6f4aec8a0ad361ec912eccaf
68914726,28714259,0,\x76a914069532d8da972617e23fb6de6a9cbb33046aa28188ac,777000,2,18182259,68914726,18182259,069532d8da972617e23fb6de6a9cbb33046aa281
68919552,28716235,0,\x76a914069532d8da972617e23fb6de6a9cbb33046aa28188ac,777000,2,18182259,68919552,18182259,069532d8da972617e23fb6de6a9cbb33046aa281
68919856,28716387,0,\x76a914069532d8da972617e23fb6de6a9cbb33046aa28188ac,777000,2,18182259,68919856,18182259,069532d8da972617e23fb6de6a9cbb33046aa281
68924434,28717736,0,\x76a914069532d8da972617e23fb6de6a9cbb33046aa28188ac,777000,2,18182259,68924434,18182259,069532d8da972617e23fb6de6a9cbb33046aa281
68924929,28717961,0,\x76a914069532d8da972617e23fb6de6a9cbb33046aa28188ac,777000,2,18182259,68924929,18182259,069532d8da972617e23fb6de6a9cbb33046aa281
68924961,28717977,0,\x76a914069532d8da972617e23fb6de6a9cbb33046aa28188ac,777000,2,18182259,68924961,18182259,069532d8da972617e23fb6de6a9cbb33046aa281
68925546,28718199,0,\x76a914069532d8da972617e23fb6de6a9cbb33046aa28188ac,777000,2,18182259,68925546,18182259,069532d8da972617e23fb6de6a9cbb33046aa281
68956918,28729971,0,\x76a914069532d8da972617e23fb6de6a9cbb33046aa28188ac,777000,2,18182259,68956918,18182259,069532d8da972617e23fb6de6a9cbb33046aa281
69061672,28771392,1,\x76a91411186dc425c8360fe8bd95ecaf4da2031a2dce0388ac,777000,2,22443968,69061672,22443968,11186dc425c8360fe8bd95ecaf4da2031a2dce03
69110402,28791642,0,\x76a914069532d8c5984aff191d349b4b87e10fa9ea7dd488ac,777000,2,18182061,69110402,18182061,069532d8c5984aff191d349b4b87e10fa9ea7dd4
69205006,28825520,0,\x76a914ca48dcbf6918241e4f9d013c53250782281a67f588ac,777000,2,18219391,69205006,18219391,ca48dcbf6918241e4f9d013c53250782281a67f5
69217892,28830800,1,\x76a9147aac8a294a346197b3e059e2ed913aae629e6bb088ac,777000,2,22520838,69217892,22520838,7aac8a294a346197b3e059e2ed913aae629e6bb0
69275600,28854417,0,\x76a91458313445badfad4a70b66e08aca1408ee0bf023288ac,777000,2,22552041,69275600,22552041,58313445badfad4a70b66e08aca1408ee0bf0232
69458302,28926052,0,\x76a914069532d8c93139adcb369f5c221a5cf28abc77f088ac,777000,2,18179559,69458302,18179559,069532d8c93139adcb369f5c221a5cf28abc77f0
69466399,28929447,0,\x76a91443f8f73780ec7b2a3140318d3b26955379348ebe88ac,777000,2,22651709,69466399,22651709,43f8f73780ec7b2a3140318d3b26955379348ebe
69466431,28929463,0,\x76a914069532d8c5984aff191d349b4b87e10fa9ea7dd488ac,777000,2,18182061,69466431,18182061,069532d8c5984aff191d349b4b87e10fa9ea7dd4
69631642,28993187,0,\x76a9145fafb77fd61ddd94a91c74b6a02ea59bb2bcabaa88ac,777000,2,18347659,69631642,18347659,5fafb77fd61ddd94a91c74b6a02ea59bb2bcabaa
69632832,28993736,0,\x76a914822c0474b16f1db483d3e971e7dad9392c659b5088ac,777000,2,17978419,69632832,17978419,822c0474b16f1db483d3e971e7dad9392c659b50
69733418,29033074,0,\x76a9143f401daa7a444e47641eee9804765e8a0af97bbc88ac,777000,2,22790511,69733418,22790511,3f401daa7a444e47641eee9804765e8a0af97bbc
69772848,29047248,0,\x76a9145fafb77fd61ddd94a91c74b6a02ea59bb2bcabaa88ac,777000,2,18347659,69772848,18347659,5fafb77fd61ddd94a91c74b6a02ea59bb2bcabaa
69772984,29047315,0,\x76a914822c0474b16f1db483d3e971e7dad9392c659b5088ac,777000,2,17978419,69772984,17978419,822c0474b16f1db483d3e971e7dad9392c659b50
70055183,29155272,0,\x76a914714aadf779f724b413b4c55c692357cb05bda24f88ac,777000,2,12358256,70055183,12358256,714aadf779f724b413b4c55c692357cb05bda24f
70170098,29200762,1,\x76a91497a687a8e9cb32a87db97f0abd71c02f8dc9cdc888ac,777000,2,23013598,70170098,23013598,97a687a8e9cb32a87db97f0abd71c02f8dc9cdc8
70236837,29225929,0,\x76a91449b34c4245ba995d83b3fa9c6484edf747a4bcb588ac,777000,2,17199857,70236837,17199857,49b34c4245ba995d83b3fa9c6484edf747a4bcb5
70256626,29233629,0,\x76a914069532d8c93139adcb369f5c221a5cf28abc77f088ac,777000,2,18179559,70256626,18179559,069532d8c93139adcb369f5c221a5cf28abc77f0
70398822,29284332,0,\x76a914069532d8c5984aff191d349b4b87e10fa9ea7dd488ac,777000,2,18182061,70398822,18182061,069532d8c5984aff191d349b4b87e10fa9ea7dd4
70508362,29317085,1,\x76a914aa7d0d475c8481b9c0ba16e0cc6fa835edd27d1588ac,777000,2,23134054,70508362,23134054,aa7d0d475c8481b9c0ba16e0cc6fa835edd27d15
70563390,29339477,0,\x76a914069532d8c93139adcb369f5c221a5cf28abc77f088ac,777000,2,18179559,70563390,18179559,069532d8c93139adcb369f5c221a5cf28abc77f0
70565751,29340441,0,\x76a914069532d8c93139adcb369f5c221a5cf28abc77f088ac,777000,2,18179559,70565751,18179559,069532d8c93139adcb369f5c221a5cf28abc77f0
70590001,29350283,0,\x76a914069532d8c93139adcb369f5c221a5cf28abc77f088ac,777000,2,18179559,70590001,18179559,069532d8c93139adcb369f5c221a5cf28abc77f0
70611591,29358787,0,\x76a914886c24e4965b44a515e7a41d7ac0b02503298ecd88ac,777000,2,17880746,70611591,17880746,886c24e4965b44a515e7a41d7ac0b02503298ecd
70644720,29369340,1,\x76a914069532d8da972617e23fb6de6a9cbb33046aa28188ac,777000,2,18182259,70644720,18182259,069532d8da972617e23fb6de6a9cbb33046aa281
70750147,29410641,0,\x76a914fd84a7544b3c6f38b870727fe39db94cfd4e7a2f88ac,777000,2,23277658,70750147,23277658,fd84a7544b3c6f38b870727fe39db94cfd4e7a2f
70752716,29411837,0,\x76a91472d51b98213616597f78dcfc5d25ca2c551d9c9388ac,777000,2,21924305,70752716,21924305,72d51b98213616597f78dcfc5d25ca2c551d9c93
70869738,29456233,0,\x76a9147e28bca8699fab6bef80f719f1458c160d11a05588ac,777000,2,23335072,70869738,23335072,7e28bca8699fab6bef80f719f1458c160d11a055
70941286,29483563,0,\x76a914a0f180976f0e281ae01dc2e8b1276ad11f52e3da88ac,777000,2,23368091,70941286,23368091,a0f180976f0e281ae01dc2e8b1276ad11f52e3da
71252779,29597192,0,\x76a914b7f0053c7b8d400fd1d2761aabf58d6f7c02f0d088ac,777000,2,23510595,71252779,23510595,b7f0053c7b8d400fd1d2761aabf58d6f7c02f0d0
71252782,29597193,0,\x76a914957ca285b5b66d5353fbdfd59829252cb6153f5088ac,777000,2,23510598,71252782,23510598,957ca285b5b66d5353fbdfd59829252cb6153f50
71357879,29634937,0,\x76a914069532d8c93139adcb369f5c221a5cf28abc77f088ac,777000,2,18179559,71357879,18179559,069532d8c93139adcb369f5c221a5cf28abc77f0
71526464,29695496,1,\x76a91479e163f93d159216311d70d649219f2257def9af88ac,777000,2,23639589,71526464,23639589,79e163f93d159216311d70d649219f2257def9af
71578267,29714637,0,\x76a914da5dde8cbf20315f3e00ad8d6b610c14bb6d0ab888ac,777000,2,19516349,71578267,19516349,da5dde8cbf20315f3e00ad8d6b610c14bb6d0ab8
71717518,29758597,1,\x76a914ca9e7391928347a0dc4204c3c670ed10573462c388ac,777000,2,23346839,71717518,23346839,ca9e7391928347a0dc4204c3c670ed10573462c3
71962368,29849984,0,\x76a9146021e2c1ec5a9e4b3d9f0e0d15ecd5ffdcaa144188ac,777000,2,23837367,71962368,23837367,6021e2c1ec5a9e4b3d9f0e0d15ecd5ffdcaa1441
72015456,29870106,0,\x76a9141ac8b3cae93d8d19e127379def7f86ae50e1fc2488ac,777000,2,23861232,72015456,23861232,1ac8b3cae93d8d19e127379def7f86ae50e1fc24
72022544,29872548,0,\x76a9142f5662649e9e90c386a7de897bbaa86264b0160c88ac,777000,2,23864245,72022544,23864245,2f5662649e9e90c386a7de897bbaa86264b0160c
72022547,29872549,0,\x76a9143064a167042996b1c1a51e3d319c8bdc4b371e0688ac,777000,2,23864248,72022547,23864248,3064a167042996b1c1a51e3d319c8bdc4b371e06
72034508,29877085,1,\x76a91457ad7592734f6739652476196a8bc79b0a6bf95688ac,777000,2,23869652,72034508,23869652,57ad7592734f6739652476196a8bc79b0a6bf956
72037706,29878493,1,\x76a914d27eb11d9ff2becc0cd78d3b7aa9951f6e76028688ac,777000,2,23871477,72037706,23871477,d27eb11d9ff2becc0cd78d3b7aa9951f6e760286
72283173,29973098,1,\x76a9142b19c8ae114c830b288d637b583df7c4b74003c388ac,777000,2,20652311,72283173,20652311,2b19c8ae114c830b288d637b583df7c4b74003c3
72385005,30012290,0,\x76a914a00a8138bdc5ef83a670fec72c96b5b6705e136788ac,777000,2,24036276,72385005,24036276,a00a8138bdc5ef83a670fec72c96b5b6705e1367
72385008,30012291,0,\x76a914bb537ab56df8fbb97839b04873c6f288d133203488ac,777000,2,24036279,72385008,24036279,bb537ab56df8fbb97839b04873c6f288d1332034
72572923,30084456,0,\x76a9146b4374bc25bc428534f3a421647766acf78030ef88ac,777000,2,24121458,72572923,24121458,6b4374bc25bc428534f3a421647766acf78030ef
72723675,30138135,0,\x76a9144399e11027c5515bd1ef05b02bcba88bfb6c650e88ac,777000,2,24185336,72723675,24185336,4399e11027c5515bd1ef05b02bcba88bfb6c650e
73073489,30253329,0,\x76a914d68aa822446a5d98db6d6dcc2e23cb94ab6a6a3a88ac,777000,2,24335912,73073489,24335912,d68aa822446a5d98db6d6dcc2e23cb94ab6a6a3a
73073549,30253359,0,\x76a91400fda5275a1e019eb29f80a4bb41c854823244a088ac,777000,2,24278365,73073549,24278365,00fda5275a1e019eb29f80a4bb41c854823244a0
73197261,30298433,0,\x76a9141d1fde9ff0a4ed5545f11e4068c031bb9b6eb88388ac,777000,2,24399762,73197261,24399762,1d1fde9ff0a4ed5545f11e4068c031bb9b6eb883
73198371,30298923,0,\x76a914649c9912926ec98f1a764bd3de5285c8706e84a088ac,777000,2,24400544,73198371,24400544,649c9912926ec98f1a764bd3de5285c8706e84a0
73198388,30298931,0,\x76a914c6d03231ed632076f1cdb5899635733041f4c3df88ac,777000,2,24400550,73198388,24400550,c6d03231ed632076f1cdb5899635733041f4c3df
73399295,30366750,0,\x76a914ed53eb163444f642e0a0b870906b85d10156217688ac,777000,2,20775245,73399295,20775245,ed53eb163444f642e0a0b870906b85d101562176
73479402,30396449,1,\x76a9144c2b63051b45f51780b9497198b7af952df66a5188ac,777000,2,24527603,73479402,24527603,4c2b63051b45f51780b9497198b7af952df66a51
73724325,30480280,0,\x76a914c179b91aa8bd17ad055a27975287116c660cc24088ac,777000,2,24631214,73724325,24631214,c179b91aa8bd17ad055a27975287116c660cc240
73737249,30484772,1,\x76a91443cec5a475ad18e6413ca8f9e623b918403042da88ac,777000,2,24517953,73737249,24517953,43cec5a475ad18e6413ca8f9e623b918403042da
73763116,30493713,0,\x76a914069532d8bab49d3273dff6a1c4f2f290c586d0ad88ac,777000,2,18182044,73763116,18182044,069532d8bab49d3273dff6a1c4f2f290c586d0ad
73764737,30494429,0,\x76a914069532d8bab49d3273dff6a1c4f2f290c586d0ad88ac,777000,2,18182044,73764737,18182044,069532d8bab49d3273dff6a1c4f2f290c586d0ad
73766248,30495159,0,\x76a914069532d8c93139adcb369f5c221a5cf28abc77f088ac,777000,2,18179559,73766248,18179559,069532d8c93139adcb369f5c221a5cf28abc77f0
73766250,30495160,0,\x76a914069532d8c93139adcb369f5c221a5cf28abc77f088ac,777000,2,18179559,73766250,18179559,069532d8c93139adcb369f5c221a5cf28abc77f0
74181474,30632595,0,\x76a9145418c35464444b0678d726b4b01b7653ae0be26588ac,777000,2,24819682,74181474,24819682,5418c35464444b0678d726b4b01b7653ae0be265
74489651,30738839,0,\x76a914069532d8bab49d3273dff6a1c4f2f290c586d0ad88ac,777000,2,18182044,74489651,18182044,069532d8bab49d3273dff6a1c4f2f290c586d0ad
74499679,30742873,0,\x76a914069532d8c5984aff191d349b4b87e10fa9ea7dd488ac,777000,2,18182061,74499679,18182061,069532d8c5984aff191d349b4b87e10fa9ea7dd4
74653735,30799077,0,\x76a914523e5d83622ff9124305200045f1f95fce15386888ac,777000,2,23066939,74653735,23066939,523e5d83622ff9124305200045f1f95fce153868
75025510,30936076,0,\x76a91477b797f516742db1af536ad422c9ab2edaeccf7e88ac,777000,2,25183613,75025510,25183613,77b797f516742db1af536ad422c9ab2edaeccf7e
75186553,30989520,0,\x76a914069532d8bab49d3273dff6a1c4f2f290c586d0ad88ac,777000,2,18182044,75186553,18182044,069532d8bab49d3273dff6a1c4f2f290c586d0ad
75292627,31026358,0,\x76a91433525a56ee3b18370099a7a50754cdfe7fc5e20188ac,777000,2,25297312,75292627,25297312,33525a56ee3b18370099a7a50754cdfe7fc5e201
75375277,31059143,0,\x76a914eeadb9f5ec7e0e3475f1bcdb4ee058b4de1a870e88ac,777000,2,25334290,75375277,25334290,eeadb9f5ec7e0e3475f1bcdb4ee058b4de1a870e
75377005,31059883,0,\x76a914ad553ef3a4b5a699365e2c0006b85380df773e0888ac,777000,2,24443143,75377005,24443143,ad553ef3a4b5a699365e2c0006b85380df773e08
75616632,31141146,0,\x76a914069532d8c93139adcb369f5c221a5cf28abc77f088ac,777000,2,18179559,75616632,18179559,069532d8c93139adcb369f5c221a5cf28abc77f0
75977735,31269692,0,\x76a9146f48b0babe317ae8be40ce4d233c2b2ef47bdece88ac,777000,2,25589530,75977735,25589530,6f48b0babe317ae8be40ce4d233c2b2ef47bdece
76107791,31314099,1,\x76a914c6a124455a6fc5855ba8c9e42adb415af79fb4b888ac,777000,2,25641335,76107791,25641335,c6a124455a6fc5855ba8c9e42adb415af79fb4b8
76171929,31337322,0,\x76a914069532d8c1936ab6da4eedf23faa10f4695ddfc088ac,777000,2,18182000,76171929,18182000,069532d8c1936ab6da4eedf23faa10f4695ddfc0
76172885,31337742,0,\x76a914c179b91aa8bd17ad055a27975287116c660cc24088ac,777000,2,24631214,76172885,24631214,c179b91aa8bd17ad055a27975287116c660cc240
76427998,31417921,0,\x76a914069532d8c93139adcb369f5c221a5cf28abc77f088ac,777000,2,18179559,76427998,18179559,069532d8c93139adcb369f5c221a5cf28abc77f0
76580550,31473950,114,\x76a914b7e73f85b0cfa4b552eb9f307f3bb8848a9a77e088ac,777000,2,24159779,76580550,24159779,b7e73f85b0cfa4b552eb9f307f3bb8848a9a77e0
77776613,31895415,0,\x76a914c40a9c88faf88f94808e62b1fe4f742167035aad88ac,777000,2,24519657,77776613,24519657,c40a9c88faf88f94808e62b1fe4f742167035aad
77816707,31910771,0,\x76a914069532d8bab49d3273dff6a1c4f2f290c586d0ad88ac,777000,2,18182044,77816707,18182044,069532d8bab49d3273dff6a1c4f2f290c586d0ad
77816711,31910773,0,\x76a914069532d8bab49d3273dff6a1c4f2f290c586d0ad88ac,777000,2,18182044,77816711,18182044,069532d8bab49d3273dff6a1c4f2f290c586d0ad
77820805,31912447,0,\x76a914069532d8bab49d3273dff6a1c4f2f290c586d0ad88ac,777000,2,18182044,77820805,18182044,069532d8bab49d3273dff6a1c4f2f290c586d0ad
77821140,31912617,0,\x76a914069532d8bab49d3273dff6a1c4f2f290c586d0ad88ac,777000,2,18182044,77821140,18182044,069532d8bab49d3273dff6a1c4f2f290c586d0ad
77836662,31918148,0,\x76a914069532d8c93139adcb369f5c221a5cf28abc77f088ac,777000,2,18179559,77836662,18179559,069532d8c93139adcb369f5c221a5cf28abc77f0
77912114,31940794,0,\x76a914e58d0e2be668659f2d0eb6c77a48c1b894bb6de988ac,777000,2,23050046,77912114,23050046,e58d0e2be668659f2d0eb6c77a48c1b894bb6de9
78093109,32007717,0,\x76a914e619eb96c77abef7f9e41d314735a0f935e5fc6a88ac,777000,2,26432698,78093109,26432698,e619eb96c77abef7f9e41d314735a0f935e5fc6a
78223803,32058207,6,\x76a914375b399aa524a342068c33ba3f07bce40ee2eb4888ac,777000,2,26463513,78223803,26463513,375b399aa524a342068c33ba3f07bce40ee2eb48
80087164,32688357,0,\x76a914069532d8ba5ebe88c41146e3bedba97babc4c9cb88ac,777000,2,18181995,80087164,18181995,069532d8ba5ebe88c41146e3bedba97babc4c9cb
80109726,32696588,0,\x76a914069532d8ba5ebe88c41146e3bedba97babc4c9cb88ac,777000,2,18181995,80109726,18181995,069532d8ba5ebe88c41146e3bedba97babc4c9cb
80442303,32803961,0,\x76a9146e69b34ac6c9e6e9fc0b68477784b40ca5ad40b688ac,777000,2,18334154,80442303,18334154,6e69b34ac6c9e6e9fc0b68477784b40ca5ad40b6
80487879,32821509,0,\x76a9147f2bab9b1573d79e2094a8348039ac9feb2b452488ac,777000,2,5864920,80487879,5864920,7f2bab9b1573d79e2094a8348039ac9feb2b4524
80487881,32821510,0,\x76a9145bfd1157ffe860fa98f2a336c4a3ebd9087e0e4988ac,777000,2,27356716,80487881,27356716,5bfd1157ffe860fa98f2a336c4a3ebd9087e0e49
80487883,32821511,0,\x76a91433f0d3ae951ceec80bffa69de101bb5b9a92ea2288ac,777000,2,27356509,80487883,27356509,33f0d3ae951ceec80bffa69de101bb5b9a92ea22
80487885,32821512,0,\x76a914abf101cd47ddd8c6b0de376d130ca40a4512ba0188ac,777000,2,27359631,80487885,27359631,abf101cd47ddd8c6b0de376d130ca40a4512ba01
80489180,32822131,0,\x76a9144289f81f7ce5dfba9bf6e20794c76a9f2dee25aa88ac,777000,2,20937137,80489180,20937137,4289f81f7ce5dfba9bf6e20794c76a9f2dee25aa
80502312,32826870,0,\x76a9147f2bab9b1573d79e2094a8348039ac9feb2b452488ac,777000,2,5864920,80502312,5864920,7f2bab9b1573d79e2094a8348039ac9feb2b4524
80502314,32826871,0,\x76a9147f2bab9b1573d79e2094a8348039ac9feb2b452488ac,777000,2,5864920,80502314,5864920,7f2bab9b1573d79e2094a8348039ac9feb2b4524
80502316,32826872,0,\x76a9147f2bab9b1573d79e2094a8348039ac9feb2b452488ac,777000,2,5864920,80502316,5864920,7f2bab9b1573d79e2094a8348039ac9feb2b4524
80502318,32826873,0,\x76a9147f2bab9b1573d79e2094a8348039ac9feb2b452488ac,777000,2,5864920,80502318,5864920,7f2bab9b1573d79e2094a8348039ac9feb2b4524
80502320,32826874,0,\x76a914abf101cd47ddd8c6b0de376d130ca40a4512ba0188ac,777000,2,27359631,80502320,27359631,abf101cd47ddd8c6b0de376d130ca40a4512ba01
80502322,32826875,0,\x76a914e26bec3fd3b04c27660648c21e01adfd2e53f49488ac,777000,2,27356714,80502322,27356714,e26bec3fd3b04c27660648c21e01adfd2e53f494
80502324,32826876,0,\x76a9142c1a3091d69f1e3da3e3dcfefbbed65ca354acc288ac,777000,2,27356715,80502324,27356715,2c1a3091d69f1e3da3e3dcfefbbed65ca354acc2
80502326,32826877,0,\x76a914508834843a3e44492b21357fced1cd22c723546288ac,777000,2,27356717,80502326,27356717,508834843a3e44492b21357fced1cd22c7235462
80502328,32826878,0,\x76a9145bfd1157ffe860fa98f2a336c4a3ebd9087e0e4988ac,777000,2,27356716,80502328,27356716,5bfd1157ffe860fa98f2a336c4a3ebd9087e0e49
80502330,32826879,0,\x76a91433f0d3ae951ceec80bffa69de101bb5b9a92ea2288ac,777000,2,27356509,80502330,27356509,33f0d3ae951ceec80bffa69de101bb5b9a92ea22
80502332,32826880,0,\x76a9143ce68c1303a9668c44fc98a942df912484be387488ac,777000,2,27356510,80502332,27356510,3ce68c1303a9668c44fc98a942df912484be3874
80502334,32826881,0,\x76a9147970b204e71714c7030b1b060f3978f3a1baab4088ac,777000,2,27356322,80502334,27356322,7970b204e71714c7030b1b060f3978f3a1baab40
80504329,32827298,0,\x76a914582431b9e63d2394c8b224d1bc45d07ae95d237988ac,777000,2,1083443,80504329,1083443,582431b9e63d2394c8b224d1bc45d07ae95d2379
80505497,32827588,0,\x76a9141855055056b9c6de07fc66eaa30dc4023286771088ac,777000,2,22792614,80505497,22792614,1855055056b9c6de07fc66eaa30dc40232867710
80505515,32827597,0,\x76a91448fd604b17cf13f71f541f04e3e8391c38373bb188ac,777000,2,24225385,80505515,24225385,48fd604b17cf13f71f541f04e3e8391c38373bb1
80506414,32828019,0,\x76a914a0b0d60e5991578ed37cbda2b17d8b2ce23ab29588ac,777000,2,268523,80506414,268523,a0b0d60e5991578ed37cbda2b17d8b2ce23ab295
80506416,32828020,0,\x76a914b3dd79fb3460c7b0d0bbb8d2ed93436b88b6d89c88ac,777000,2,11861734,80506416,11861734,b3dd79fb3460c7b0d0bbb8d2ed93436b88b6d89c
80506418,32828021,0,\x76a914a82d63de690d6e71f98a2991249310f6a3d9cb8888ac,777000,2,9556720,80506418,9556720,a82d63de690d6e71f98a2991249310f6a3d9cb88
80506420,32828022,0,\x76a9143d9e561f21d312f9b8b46e74169263e2452d559188ac,777000,2,811395,80506420,811395,3d9e561f21d312f9b8b46e74169263e2452d5591
80506422,32828023,0,\x76a914f1c87a5e8ff7d14e74b858089bf771c94b1b6db488ac,777000,2,2518480,80506422,2518480,f1c87a5e8ff7d14e74b858089bf771c94b1b6db4
80506448,32828036,0,\x76a914e552a6a2afa8ae80a773dc9bb95f8c25c5b3bdd388ac,777000,2,10272871,80506448,10272871,e552a6a2afa8ae80a773dc9bb95f8c25c5b3bdd3
80506452,32828038,0,\x76a91440d456434970277c2c6a872e9fcbacecb26c01a388ac,777000,2,24382356,80506452,24382356,40d456434970277c2c6a872e9fcbacecb26c01a3
80506454,32828039,0,\x76a914fe0c68e8a74f730aa33487958bfc923f9e6f66b588ac,777000,2,4791149,80506454,4791149,fe0c68e8a74f730aa33487958bfc923f9e6f66b5
80506456,32828040,0,\x76a91428dea1822126230835fb5573d15a509ca17e6d3d88ac,777000,2,18921972,80506456,18921972,28dea1822126230835fb5573d15a509ca17e6d3d
80506458,32828041,0,\x76a91406b7e90bb7a54137beb01c87119a3cd9061d7d5288ac,777000,2,2518482,80506458,2518482,06b7e90bb7a54137beb01c87119a3cd9061d7d52
80506460,32828042,0,\x76a9140e1d5b7a760ddc32481d9cfc6062107624bac62588ac,777000,2,2518450,80506460,2518450,0e1d5b7a760ddc32481d9cfc6062107624bac625
80506462,32828043,0,\x76a9143a9a59b996775fbfec889caf30d58368fb368c0e88ac,777000,2,2518448,80506462,2518448,3a9a59b996775fbfec889caf30d58368fb368c0e
80506464,32828044,0,\x76a914337572005210c09829acec1ada20dc0ec67f11a288ac,777000,2,11203471,80506464,11203471,337572005210c09829acec1ada20dc0ec67f11a2
80506466,32828045,0,\x76a914b753267ad832cdbef08b642f346b09be5464b2d788ac,777000,2,26433997,80506466,26433997,b753267ad832cdbef08b642f346b09be5464b2d7
80506472,32828048,0,\x76a9147f84d37ccf3e004a2c8169102272072c1a49578e88ac,777000,2,25657082,80506472,25657082,7f84d37ccf3e004a2c8169102272072c1a49578e
80506474,32828049,0,\x76a9143d03002dbed5cb1dc10fc6bcb0886d2df32f283888ac,777000,2,21847959,80506474,21847959,3d03002dbed5cb1dc10fc6bcb0886d2df32f2838
80506476,32828050,0,\x76a914908b47d6a15d89c3ee34df1bc68a00ec4ff70c9b88ac,777000,2,21562511,80506476,21562511,908b47d6a15d89c3ee34df1bc68a00ec4ff70c9b
80506478,32828051,0,\x76a914f9e6bbcdc83d8f351014e07495f386fe1067ec7b88ac,777000,2,21570936,80506478,21570936,f9e6bbcdc83d8f351014e07495f386fe1067ec7b
80506480,32828052,0,\x76a9148b70193546504fa3623598722575f70b5b1c645588ac,777000,2,21593772,80506480,21593772,8b70193546504fa3623598722575f70b5b1c6455
80506482,32828053,0,\x76a91464b242e0736ca84c0d3c7ce01c30126ced69f79388ac,777000,2,21584284,80506482,21584284,64b242e0736ca84c0d3c7ce01c30126ced69f793
80506484,32828054,0,\x76a91453f9818e8d2d23c3163c01a33d83e49ebfa16ac488ac,777000,2,21600089,80506484,21600089,53f9818e8d2d23c3163c01a33d83e49ebfa16ac4
80506486,32828055,0,\x76a914f33a3af3695f041e2ea6271f1fe6309abac4dd5888ac,777000,2,21578652,80506486,21578652,f33a3af3695f041e2ea6271f1fe6309abac4dd58
80506488,32828056,0,\x76a914cd4b7b8f9db1b0c709fd0c9f0534fca6a9f4049588ac,777000,2,21588899,80506488,21588899,cd4b7b8f9db1b0c709fd0c9f0534fca6a9f40495
80506490,32828057,0,\x76a914585ceea7e7570fa805276a7c1756aaa35532576c88ac,777000,2,21552905,80506490,21552905,585ceea7e7570fa805276a7c1756aaa35532576c
80506494,32828059,0,\x76a91427ed35ebcf72744ec3b4a0f4dbb83d7620acf44388ac,777000,2,21566560,80506494,21566560,27ed35ebcf72744ec3b4a0f4dbb83d7620acf443
80506496,32828060,0,\x76a9142d78df44ca4243c8b88a729699daa3ca0fa7001488ac,777000,2,11505554,80506496,11505554,2d78df44ca4243c8b88a729699daa3ca0fa70014
80506498,32828061,0,\x76a9144703413cd7f483aa14d729acb5c35fddb690791388ac,777000,2,8551610,80506498,8551610,4703413cd7f483aa14d729acb5c35fddb6907913
80506500,32828062,0,\x76a9141f8f96055416aa8d5e3d121cded5551fc582575c88ac,777000,2,23356506,80506500,23356506,1f8f96055416aa8d5e3d121cded5551fc582575c
80506502,32828063,0,\x76a91412d5a845f2b212ce0c3bd65a4035881d9219090e88ac,777000,2,59678,80506502,59678,12d5a845f2b212ce0c3bd65a4035881d9219090e
80508384,32828848,0,\x76a914911909eb8fe1c3257c1317d3a9558cb7325fbcb588ac,777000,2,21803104,80508384,21803104,911909eb8fe1c3257c1317d3a9558cb7325fbcb5
80508474,32828893,0,\x76a914e6071c924e820f01ac64ed98ec739235e6a2f08988ac,777000,2,2518468,80508474,2518468,e6071c924e820f01ac64ed98ec739235e6a2f089
80508490,32828901,0,\x76a91414b31873a05e0dd40023e7451e1a799b6131054488ac,777000,2,8392592,80508490,8392592,14b31873a05e0dd40023e7451e1a799b61310544
80508494,32828903,0,\x76a91414c1ed72d09150b8e5f49d94d53070d2c1f1db3688ac,777000,2,49443,80508494,49443,14c1ed72d09150b8e5f49d94d53070d2c1f1db36
80508496,32828904,0,\x76a914cca3c586bd6033cf56426f69f3fa2719d0ffbabb88ac,777000,2,3721764,80508496,3721764,cca3c586bd6033cf56426f69f3fa2719d0ffbabb
80508498,32828905,0,\x76a91410809e86ae2aa7c80fb2045ff9fac908988282a388ac,777000,2,22937693,80508498,22937693,10809e86ae2aa7c80fb2045ff9fac908988282a3
80510671,32829759,0,\x76a9140e48fef52a5242fe956cb070ee1f15254d29f55888ac,777000,2,18187395,80510671,18187395,0e48fef52a5242fe956cb070ee1f15254d29f558
80510711,32829780,0,\x76a914c406d72e2d2aee97203814755c2c6142a780900988ac,777000,2,13256936,80510711,13256936,c406d72e2d2aee97203814755c2c6142a7809009
80510713,32829781,0,\x76a914ad2ecd455165c28fdc29175e2a913fd26178ebd788ac,777000,2,24004670,80510713,24004670,ad2ecd455165c28fdc29175e2a913fd26178ebd7
80510881,32829865,0,\x76a91419f097e85b421a9864e6cf0620561ed2398ebf9988ac,777000,2,17818282,80510881,17818282,19f097e85b421a9864e6cf0620561ed2398ebf99
80510887,32829868,0,\x76a9141242a9c6ac1267fbd1b72a2bb7bc019cbac1596888ac,777000,2,177481,80510887,177481,1242a9c6ac1267fbd1b72a2bb7bc019cbac15968
80510889,32829869,0,\x76a9142cb50f6e73fbd1db1add6707db9807435c7fab7e88ac,777000,2,25830752,80510889,25830752,2cb50f6e73fbd1db1add6707db9807435c7fab7e
80510891,32829870,0,\x76a914f8753559cd673046044baf06725c7a94bcb8a59288ac,777000,2,90242,80510891,90242,f8753559cd673046044baf06725c7a94bcb8a592
80510893,32829871,0,\x76a9140ece14afdea681738afddebe41f9733254fc7c0788ac,777000,2,25909130,80510893,25909130,0ece14afdea681738afddebe41f9733254fc7c07
80510895,32829872,0,\x76a91461dfa94b9a89c38fbeabcd4fd4a72803e379f76188ac,777000,2,10266512,80510895,10266512,61dfa94b9a89c38fbeabcd4fd4a72803e379f761
80510897,32829873,0,\x76a914f4219f84fd862ffc37a5c59197c06d684f3d4bdf88ac,777000,2,27283190,80510897,27283190,f4219f84fd862ffc37a5c59197c06d684f3d4bdf
80510899,32829874,0,\x76a9149a295316d604746793d231a62dce55aa2ec4791188ac,777000,2,25060320,80510899,25060320,9a295316d604746793d231a62dce55aa2ec47911
80511037,32829943,0,\x76a9149c563fac49efb752ee1f83605e28631f81e9a4d288ac,777000,2,21486153,80511037,21486153,9c563fac49efb752ee1f83605e28631f81e9a4d2
80511039,32829944,0,\x76a9149efaebf9bc4539d60fdf13f79e2b3aff4a60474d88ac,777000,2,24209145,80511039,24209145,9efaebf9bc4539d60fdf13f79e2b3aff4a60474d
80511041,32829945,0,\x76a914d2c7c672fa0dbbef722022f9a784a896251c777688ac,777000,2,8392455,80511041,8392455,d2c7c672fa0dbbef722022f9a784a896251c7776
80511043,32829946,0,\x76a914a6952d3634743e94b54f75070a3354395367989188ac,777000,2,20955477,80511043,20955477,a6952d3634743e94b54f75070a33543953679891
80511045,32829947,0,\x76a91461926e70674b04af7a1ebb0db8ab732d1f9e354688ac,777000,2,1164151,80511045,1164151,61926e70674b04af7a1ebb0db8ab732d1f9e3546
80511047,32829948,0,\x76a9145ee9d53cebf714a5c27516e9c02f565e0c2871f988ac,777000,2,89867,80511047,89867,5ee9d53cebf714a5c27516e9c02f565e0c2871f9
80511049,32829949,0,\x76a914cb24c764c73cefdae506160af6e15cd2bef42ca988ac,777000,2,246435,80511049,246435,cb24c764c73cefdae506160af6e15cd2bef42ca9
80511051,32829950,0,\x76a9144cbf6b9fed8db6ed7dd1d5c78a230b68b048b93588ac,777000,2,27370069,80511051,27370069,4cbf6b9fed8db6ed7dd1d5c78a230b68b048b935
80511053,32829951,0,\x76a9147f2bab9b1573d79e2094a8348039ac9feb2b452488ac,777000,2,5864920,80511053,5864920,7f2bab9b1573d79e2094a8348039ac9feb2b4524
80511055,32829952,0,\x76a914de87db533ba55a9a81eb6c5cc9a0c180a541d7f088ac,777000,2,2322610,80511055,2322610,de87db533ba55a9a81eb6c5cc9a0c180a541d7f0
80511057,32829953,0,\x76a91466373d4bf239beab214943b74dc8100988e5855a88ac,777000,2,4157498,80511057,4157498,66373d4bf239beab214943b74dc8100988e5855a
80511059,32829954,0,\x76a914b7cef1ba2cd36a7f4b4aa2addeb7e1469b781d2a88ac,777000,2,8795262,80511059,8795262,b7cef1ba2cd36a7f4b4aa2addeb7e1469b781d2a
80511061,32829955,0,\x76a914595a38400ea5abb7e97bc86dd56218f2e8662c1788ac,777000,2,19264465,80511061,19264465,595a38400ea5abb7e97bc86dd56218f2e8662c17
80511063,32829956,0,\x76a914452af036d954da467aabb8f9d981da1e3d86dd8488ac,777000,2,10304174,80511063,10304174,452af036d954da467aabb8f9d981da1e3d86dd84
80511065,32829957,0,\x76a914216e4f74c8d2fed9b1ba01074c63d192ce72614488ac,777000,2,24277741,80511065,24277741,216e4f74c8d2fed9b1ba01074c63d192ce726144
80511067,32829958,0,\x76a9141a4fc70b7610f60ae7e3069789e57d8cdc4823f088ac,777000,2,24967141,80511067,24967141,1a4fc70b7610f60ae7e3069789e57d8cdc4823f0
80511069,32829959,0,\x76a914ab76ae61f125cb8a90f02b8c1ff3d5bf023c8d8588ac,777000,2,17503944,80511069,17503944,ab76ae61f125cb8a90f02b8c1ff3d5bf023c8d85
80511071,32829960,0,\x76a9148dbb03f093d9ce9d9414fade3243d9d93a0f654d88ac,777000,2,19701635,80511071,19701635,8dbb03f093d9ce9d9414fade3243d9d93a0f654d
80511073,32829961,0,\x76a914c14caf718ea9582c317872c464d38b73168f4a7888ac,777000,2,17227911,80511073,17227911,c14caf718ea9582c317872c464d38b73168f4a78
80511075,32829962,0,\x76a914d85b68b55a2f12a4fa4c656fa83badabc5893cb688ac,777000,2,19263651,80511075,19263651,d85b68b55a2f12a4fa4c656fa83badabc5893cb6
80511077,32829963,0,\x76a91499f5a0e164433f005dc85fd331aa7c46d2d4f41988ac,777000,2,1647767,80511077,1647767,99f5a0e164433f005dc85fd331aa7c46d2d4f419
80511079,32829964,0,\x76a914a29db8c9ca761e2ff30c3b0bf49f7bc83cc4e5a488ac,777000,2,1527693,80511079,1527693,a29db8c9ca761e2ff30c3b0bf49f7bc83cc4e5a4
80511081,32829965,0,\x76a914a0e022687c28dc3d58194fa6e03d476077c1beb188ac,777000,2,10366327,80511081,10366327,a0e022687c28dc3d58194fa6e03d476077c1beb1
80511083,32829966,0,\x76a9147658120a930b72a5d84e34e6b1075b63af11c02788ac,777000,2,11123390,80511083,11123390,7658120a930b72a5d84e34e6b1075b63af11c027
80511085,32829967,0,\x76a9140730733b14f38b9ffd71c7af91d5bd42f6f91eee88ac,777000,2,455569,80511085,455569,0730733b14f38b9ffd71c7af91d5bd42f6f91eee
80511087,32829968,0,\x76a914aade9aa13ee9956b6517463cf39d40fe9c3ada4188ac,777000,2,6743759,80511087,6743759,aade9aa13ee9956b6517463cf39d40fe9c3ada41
80511089,32829969,0,\x76a91421c42956d1797a70c6daf10ae0b562ba1729db7888ac,777000,2,188525,80511089,188525,21c42956d1797a70c6daf10ae0b562ba1729db78
80511091,32829970,0,\x76a914f175606e5002520a4b8f34c9eebe2dec38e71cfd88ac,777000,2,455414,80511091,455414,f175606e5002520a4b8f34c9eebe2dec38e71cfd
80511093,32829971,0,\x76a914c44728c579f3cf29db4d373c57c77ad8e9b29ea488ac,777000,2,167064,80511093,167064,c44728c579f3cf29db4d373c57c77ad8e9b29ea4
80511095,32829972,0,\x76a9147ceee99631098c391869241768b354601be4520188ac,777000,2,455477,80511095,455477,7ceee99631098c391869241768b354601be45201
80511097,32829973,0,\x76a914cc09aca7e05eb5a3519b535ece40cafc7157386e88ac,777000,2,356941,80511097,356941,cc09aca7e05eb5a3519b535ece40cafc7157386e
80511099,32829974,0,\x76a9148d7894bbde47aa1ddb2edcbc498fcab7ec0067c988ac,777000,2,167050,80511099,167050,8d7894bbde47aa1ddb2edcbc498fcab7ec0067c9
80511101,32829975,0,\x76a914d76e40c22e6629836c33954ab022de8afb15070b88ac,777000,2,188504,80511101,188504,d76e40c22e6629836c33954ab022de8afb15070b
80513518,32830609,0,\x76a91414adec07961b45af6b9b9a353d279d737047f4c188ac,777000,2,356805,80513518,356805,14adec07961b45af6b9b9a353d279d737047f4c1
80513520,32830610,0,\x76a91411de35c5727122f4f58517a8d963b208442dc3a388ac,777000,2,167075,80513520,167075,11de35c5727122f4f58517a8d963b208442dc3a3
80513522,32830611,0,\x76a914993929463df23528617ea0d8aa6664d97a21764e88ac,777000,2,311381,80513522,311381,993929463df23528617ea0d8aa6664d97a21764e
80513524,32830612,0,\x76a91426d45a268d236f025aab79f69aa30fffcb2c623c88ac,777000,2,455508,80513524,455508,26d45a268d236f025aab79f69aa30fffcb2c623c
80513526,32830613,0,\x76a91454f23074fb3fbd9476877667547815836113566d88ac,777000,2,998783,80513526,998783,54f23074fb3fbd9476877667547815836113566d
80513528,32830614,0,\x76a914ea54b4da82a856b556f89b4b19851529cd323ff388ac,777000,2,12577925,80513528,12577925,ea54b4da82a856b556f89b4b19851529cd323ff3
80513530,32830615,0,\x76a9143ff5466bdb3d3e57fe0585ac9b364c81cfa68a4b88ac,777000,2,12577924,80513530,12577924,3ff5466bdb3d3e57fe0585ac9b364c81cfa68a4b
80513538,32830619,0,\x76a914668596116cf7edc2957e4ba962a837d23451aa1288ac,777000,2,9481110,80513538,9481110,668596116cf7edc2957e4ba962a837d23451aa12
80513540,32830620,0,\x76a9144ece06de5d18b39d7c56a3685b6413a0a544380188ac,777000,2,12577923,80513540,12577923,4ece06de5d18b39d7c56a3685b6413a0a5443801
80513542,32830621,0,\x76a9146f711c825976d3e171f52d1255bf4729a5a786c288ac,777000,2,455529,80513542,455529,6f711c825976d3e171f52d1255bf4729a5a786c2
80513544,32830622,0,\x76a91409f349307b923b61145029efdc5c9ba5b7ebde5288ac,777000,2,455530,80513544,455530,09f349307b923b61145029efdc5c9ba5b7ebde52
80514681,32830885,0,\x76a9147970b204e71714c7030b1b060f3978f3a1baab4088ac,777000,2,27356322,80514681,27356322,7970b204e71714c7030b1b060f3978f3a1baab40
80514683,32830886,0,\x76a914e26bec3fd3b04c27660648c21e01adfd2e53f49488ac,777000,2,27356714,80514683,27356714,e26bec3fd3b04c27660648c21e01adfd2e53f494
80514693,32830891,0,\x76a91433f0d3ae951ceec80bffa69de101bb5b9a92ea2288ac,777000,2,27356509,80514693,27356509,33f0d3ae951ceec80bffa69de101bb5b9a92ea22
80514695,32830892,0,\x76a9143ce68c1303a9668c44fc98a942df912484be387488ac,777000,2,27356510,80514695,27356510,3ce68c1303a9668c44fc98a942df912484be3874
80514697,32830893,0,\x76a9144e6f34fe0c25ede4c51809823a5309fcbf5746ab88ac,777000,2,19960526,80514697,19960526,4e6f34fe0c25ede4c51809823a5309fcbf5746ab
80514699,32830894,0,\x76a914abf101cd47ddd8c6b0de376d130ca40a4512ba0188ac,777000,2,27359631,80514699,27359631,abf101cd47ddd8c6b0de376d130ca40a4512ba01
80514701,32830895,0,\x76a914d7b1951a0da15bce93d296b386b4e473e8c00c6588ac,777000,2,27354920,80514701,27354920,d7b1951a0da15bce93d296b386b4e473e8c00c65
80514703,32830896,0,\x76a9145bfd1157ffe860fa98f2a336c4a3ebd9087e0e4988ac,777000,2,27356716,80514703,27356716,5bfd1157ffe860fa98f2a336c4a3ebd9087e0e49
80514705,32830897,0,\x76a914508834843a3e44492b21357fced1cd22c723546288ac,777000,2,27356717,80514705,27356717,508834843a3e44492b21357fced1cd22c7235462
80514707,32830898,0,\x76a914aad2eef7809e9ecbf3d6936b8b4ef9be55cf302688ac,777000,2,27370043,80514707,27370043,aad2eef7809e9ecbf3d6936b8b4ef9be55cf3026
80515215,32831071,0,\x76a9143e3a114db48c7577746f3852a95e8d1ef9bbe4dd88ac,777000,2,436523,80515215,436523,3e3a114db48c7577746f3852a95e8d1ef9bbe4dd
80515225,32831076,0,\x76a9147f60598e6e3de423d1ac7da803828142871ab52688ac,777000,2,25389733,80515225,25389733,7f60598e6e3de423d1ac7da803828142871ab526
80515257,32831092,0,\x76a914298230a4386ccd6fea074990d94ab84fb431230688ac,777000,2,20916873,80515257,20916873,298230a4386ccd6fea074990d94ab84fb4312306
80651840,32878226,0,\x76a914b3683cb349acb2b323d97bfd88fbb791788b1a5988ac,777000,2,27501348,80651840,27501348,b3683cb349acb2b323d97bfd88fbb791788b1a59
80651843,32878227,0,\x76a914a1b784851993e3fa2b20b4024d3e88460bd1c3a988ac,777000,2,27501351,80651843,27501351,a1b784851993e3fa2b20b4024d3e88460bd1c3a9
81049512,33013393,0,\x76a914792161a5a387468a7b5b1db25ad4a3e549bc206f88ac,777000,2,20673197,81049512,20673197,792161a5a387468a7b5b1db25ad4a3e549bc206f
81049514,33013394,0,\x76a914b8a65e7931605cbc0d5e494c74b06876bca8a28588ac,777000,2,20661962,81049514,20661962,b8a65e7931605cbc0d5e494c74b06876bca8a285
81572327,33204721,1,\x76a914a12767305c2dbdb237a805864522599b316f1d7888ac,777000,2,27872690,81572327,27872690,a12767305c2dbdb237a805864522599b316f1d78
81644706,33231009,0,\x76a914069532d8c93139adcb369f5c221a5cf28abc77f088ac,777000,2,18179559,81644706,18179559,069532d8c93139adcb369f5c221a5cf28abc77f0
81644714,33231013,0,\x76a914069532d8c93139adcb369f5c221a5cf28abc77f088ac,777000,2,18179559,81644714,18179559,069532d8c93139adcb369f5c221a5cf28abc77f0
81644757,33231035,0,\x76a914069532d8c93139adcb369f5c221a5cf28abc77f088ac,777000,2,18179559,81644757,18179559,069532d8c93139adcb369f5c221a5cf28abc77f0
81732666,33257659,0,\x76a914f6a63e9ae10a48a492f15e94ed1307dd3480d5ac88ac,777000,2,16715717,81732666,16715717,f6a63e9ae10a48a492f15e94ed1307dd3480d5ac
81747223,33262789,0,\x76a914f6a63e9ae10a48a492f15e94ed1307dd3480d5ac88ac,777000,2,16715717,81747223,16715717,f6a63e9ae10a48a492f15e94ed1307dd3480d5ac
82224533,33426750,0,\x76a9140b9ecd75ba80ea84937b795bae2cdd035ed5aaf788ac,777000,2,28128681,82224533,28128681,0b9ecd75ba80ea84937b795bae2cdd035ed5aaf7
82311733,33455862,0,\x76a914e26bec3fd3b04c27660648c21e01adfd2e53f49488ac,777000,2,27356714,82311733,27356714,e26bec3fd3b04c27660648c21e01adfd2e53f494
82422344,33499737,0,\x76a91459383dc55216eca6dd01af9258396877ccf498dd88ac,777000,2,27803998,82422344,27803998,59383dc55216eca6dd01af9258396877ccf498dd
82529189,33535968,0,\x76a914d9fe5c3afa623342e3491d91b8e63ac3437c470788ac,777000,2,28247098,82529189,28247098,d9fe5c3afa623342e3491d91b8e63ac3437c4707
82530549,33536610,0,\x76a9148585e4158a7fce8a153059463fdbfa8379b2209788ac,777000,2,28247791,82530549,28247791,8585e4158a7fce8a153059463fdbfa8379b22097
82630980,33562136,0,\x76a914468e0d07ff5dabd4d9df0fe68dfb6eef8c16a2ae88ac,777000,2,28283088,82630980,28283088,468e0d07ff5dabd4d9df0fe68dfb6eef8c16a2ae
82805782,33620549,1,\x76a914945716fa7be9e98356b0c8d63995642a165e34c788ac,777000,2,28352054,82805782,28352054,945716fa7be9e98356b0c8d63995642a165e34c7
82849450,33632311,0,\x76a9144305d668bb2e10765d7d46945854ba893598868388ac,777000,2,28367181,82849450,28367181,4305d668bb2e10765d7d46945854ba8935988683
83030431,33692165,0,\x76a9145f05becb39e9bba33103c584882e411661ff012f88ac,777000,2,28452249,83030431,28452249,5f05becb39e9bba33103c584882e411661ff012f
83314770,33784664,0,\x76a91440510468e3606a89d2330a7543fe5e4c027dc70e88ac,777000,2,23756984,83314770,23756984,40510468e3606a89d2330a7543fe5e4c027dc70e
83411952,33815307,0,\x76a914b9bac7c9eb97e957bfdeeffd5c4415285a2750e388ac,777000,2,20744227,83411952,20744227,b9bac7c9eb97e957bfdeeffd5c4415285a2750e3
83411986,33815324,0,\x76a914584d5704bd2b0fe46366596bb32ef71b546ca11888ac,777000,2,22559308,83411986,22559308,584d5704bd2b0fe46366596bb32ef71b546ca118
83411997,33815329,1,\x76a914a8170f0619b969bd1be1447b39b9b164186bdf6f88ac,777000,2,28635875,83411997,28635875,a8170f0619b969bd1be1447b39b9b164186bdf6f
83534949,33853254,0,\x76a9143652d9fd4214940f007cea51ad56076160da885788ac,777000,2,28690973,83534949,28690973,3652d9fd4214940f007cea51ad56076160da8857
83559530,33861075,1,\x76a9148184d1d2809147bff263229b732e891d0268564688ac,777000,2,28701894,83559530,28701894,8184d1d2809147bff263229b732e891d02685646
83559944,33861274,0,\x76a9140385196455edba7ad0262d4671217cca1c477ec388ac,777000,2,14874080,83559944,14874080,0385196455edba7ad0262d4671217cca1c477ec3
83828178,33946960,1,\x76a914da5dde883cc084fad0d72ab4cdeb11205fc63bf888ac,777000,2,19500612,83828178,19500612,da5dde883cc084fad0d72ab4cdeb11205fc63bf8
83964260,33988081,9,\x76a9145aa8025f1530b31649fd33f3a843a1fe944cb8ea88ac,777000,2,28892861,83964260,28892861,5aa8025f1530b31649fd33f3a843a1fe944cb8ea
84068276,34014799,0,\x76a914f6ea86b8383b3a956223042af53066f711765d1788ac,777000,2,28932970,84068276,28932970,f6ea86b8383b3a956223042af53066f711765d17
84110929,34029260,0,\x76a914d0ee71753c3136711ca662c40dacb64959fbe35088ac,777000,2,28952488,84110929,28952488,d0ee71753c3136711ca662c40dacb64959fbe350
84111462,34029502,0,\x76a9140fa6842b44de3f0c8134743242d686a6527d4cd188ac,777000,2,28956263,84111462,28956263,0fa6842b44de3f0c8134743242d686a6527d4cd1
84139105,34039248,2,\x76a9145edba0e3e16ba8cecb2500dac863a3326ec70b9e88ac,777000,2,26722398,84139105,26722398,5edba0e3e16ba8cecb2500dac863a3326ec70b9e
84156487,34042098,0,\x76a914e26bec3fd3b04c27660648c21e01adfd2e53f49488ac,777000,2,27356714,84156487,27356714,e26bec3fd3b04c27660648c21e01adfd2e53f494
84230000,34065618,0,\x76a9144e4796844be3e6e342fd92972ba0ec79e29333ae88ac,777000,2,26720466,84230000,26720466,4e4796844be3e6e342fd92972ba0ec79e29333ae
84353869,34109248,1,\x76a914da5dde883cc084fad0d72ab4cdeb11205fc63bf888ac,777000,2,19500612,84353869,19500612,da5dde883cc084fad0d72ab4cdeb11205fc63bf8
84376810,34116400,1,\x76a914da5dde8cbf20315f3e00ad8d6b610c14bb6d0ab888ac,777000,2,19516349,84376810,19516349,da5dde8cbf20315f3e00ad8d6b610c14bb6d0ab8
84406208,34123966,0,\x76a914069532d8da972617e23fb6de6a9cbb33046aa28188ac,777000,2,18182259,84406208,18182259,069532d8da972617e23fb6de6a9cbb33046aa281
84585598,34183849,1,\x76a914069532d8da972617e23fb6de6a9cbb33046aa28188ac,777000,2,18182259,84585598,18182259,069532d8da972617e23fb6de6a9cbb33046aa281
84611316,34191231,0,\x76a914069532d8c93139adcb369f5c221a5cf28abc77f088ac,777000,2,18179559,84611316,18179559,069532d8c93139adcb369f5c221a5cf28abc77f0
84611322,34191234,0,\x76a914069532d8c93139adcb369f5c221a5cf28abc77f088ac,777000,2,18179559,84611322,18179559,069532d8c93139adcb369f5c221a5cf28abc77f0
84611324,34191235,0,\x76a914069532d8c93139adcb369f5c221a5cf28abc77f088ac,777000,2,18179559,84611324,18179559,069532d8c93139adcb369f5c221a5cf28abc77f0
84676026,34207125,1,\x76a9148a9e401e757315f18813e4b3ba283504cda2c38f88ac,777000,2,22935506,84676026,22935506,8a9e401e757315f18813e4b3ba283504cda2c38f
84697725,34215936,0,\x76a914069532d8c93139adcb369f5c221a5cf28abc77f088ac,777000,2,18179559,84697725,18179559,069532d8c93139adcb369f5c221a5cf28abc77f0
84715525,34222986,0,\x76a914069532d8c5984aff191d349b4b87e10fa9ea7dd488ac,777000,2,18182061,84715525,18182061,069532d8c5984aff191d349b4b87e10fa9ea7dd4
84717298,34223812,0,\x76a914069532d8c5984aff191d349b4b87e10fa9ea7dd488ac,777000,2,18182061,84717298,18182061,069532d8c5984aff191d349b4b87e10fa9ea7dd4
